nov 12 11:17:14 ,  15.90,  16.50,  17.60,  14.01,  31.00
nov 12 11:18:14 ,  16.00,  16.50,  18.08,  16.46,  31.00
nov 12 11:19:14 ,  16.40,  17.00,  19.06,  11.18,  31.00
nov 12 11:20:14 ,  16.90,  17.00,  19.06,  11.18,  31.00
nov 12 11:21:15 ,  17.70,  18.00,  17.11,  11.18,  29.00
nov 12 11:22:15 ,  18.30,  18.00,  18.08,  11.18,  28.00
nov 12 11:23:15 ,  18.30,  18.50,  19.55,  14.01,  28.00
nov 12 11:24:15 ,  18.60,  18.50,  19.06,  11.18,  27.00
nov 12 11:25:15 ,  18.80,  19.00,  16.62,  3.97,  25.00
nov 12 11:26:16 ,  18.50,  19.00,  17.11,  11.18,  25.00
nov 12 11:27:16 ,  18.20,  18.50,  17.60,  11.18,  27.00
nov 12 11:28:16 ,  18.00,  18.50,  17.11,  11.18,  28.00
nov 12 11:29:16 ,  18.00,  18.00,  18.08,  14.01,  28.00
nov 12 11:30:16 ,  18.00,  18.00,  20.53,  16.46,  28.00
nov 12 11:31:17 ,  18.00,  19.00,  20.04,  18.61,  29.00
nov 12 11:32:17 ,  18.40,  19.00,  18.08,  7.87,  29.00
nov 12 11:33:17 ,  19.20,  19.50,  19.55,  14.01,  27.00
nov 12 11:34:17 ,  19.70,  20.00,  19.55,  16.46,  26.00
nov 12 11:35:18 ,  20.00,  21.00,  19.06,  11.18,  25.00
nov 12 11:36:18 ,  20.10,  20.50,  18.08,  7.87,  24.00
nov 12 11:37:18 ,  20.10,  20.50,  18.57,  7.87,  23.00
nov 12 11:38:18 ,  20.00,  20.00,  18.57,  7.87,  22.00
nov 12 11:39:18 ,  19.90,  20.00,  21.02,  16.46,  22.00
nov 12 11:40:19 ,  20.00,  20.00,  18.08,  7.87,  22.00
nov 12 11:41:19 ,  20.00,  20.00,  19.06,  14.01,  22.00
nov 12 11:42:19 ,  20.00,  20.00,  17.60,  11.18,  22.00
nov 12 11:43:19 ,  19.70,  20.00,  16.62,  11.18,  24.00
nov 12 11:44:19 ,  19.00,  19.00,  15.64,  7.87,  26.00
nov 12 11:45:20 ,  18.30,  18.50,  15.64,  7.87,  28.00
nov 12 11:46:20 ,  17.30,  18.00,  16.62,  7.87,  30.00
nov 12 11:47:20 ,  16.90,  17.50,  17.60,  11.18,  31.00
nov 12 11:48:20 ,  16.90,  17.50,  14.17,  -0.72,  31.00
nov 12 11:49:20 ,  16.50,  17.00,  13.20,  -6.44,  31.00
nov 12 11:50:21 ,  16.40,  16.50,  12.71,  3.97,  31.00
nov 12 11:51:21 ,  15.60,  16.00,  12.71,  7.87,  32.00
nov 12 11:52:21 ,  14.70,  15.00,  13.20,  3.97,  34.00
nov 12 11:53:21 ,  13.50,  14.50,  12.22,  -0.72,  37.00
nov 12 11:54:21 ,  12.60,  13.00,  11.73,  -0.72,  39.00
nov 12 11:55:22 ,  12.30,  12.50,  11.73,  3.97,  41.00
nov 12 11:56:22 ,  12.10,  12.50,  12.71,  3.97,  42.00
nov 12 11:57:22 ,  12.20,  12.50,  14.66,  11.18,  42.00
nov 12 11:58:22 ,  12.30,  13.00,  15.64,  11.18,  41.00
nov 12 11:59:22 ,  13.10,  13.50,  15.64,  14.01,  41.00
nov 12 12:00:23 ,  14.50,  15.00,  15.64,  3.97,  38.00
nov 12 12:01:23 ,  16.00,  17.00,  14.66,  3.97,  35.00
nov 12 12:02:23 ,  16.60,  17.00,  17.11,  14.01,  33.00
nov 12 12:03:23 ,  17.10,  17.00,  18.57,  16.46,  31.00
nov 12 12:04:23 ,  17.80,  18.00,  19.55,  14.01,  30.00
nov 12 12:05:24 ,  18.30,  18.50,  19.06,  14.01,  28.00
nov 12 12:06:24 ,  19.10,  19.50,  19.06,  14.01,  26.00
nov 12 12:07:24 ,  20.10,  20.50,  19.55,  7.87,  24.00
nov 12 12:08:24 ,  21.20,  21.50,  19.55,  3.97,  21.00
nov 12 12:09:24 ,  21.40,  22.00,  18.57,  11.18,  20.00
nov 12 12:10:25 ,  21.40,  22.00,  19.06,  7.87,  19.00
nov 12 12:11:25 ,  21.10,  21.50,  18.57,  14.01,  19.00
nov 12 12:12:25 ,  20.60,  21.00,  19.06,  11.18,  20.00
nov 12 12:13:25 ,  20.10,  20.00,  17.11,  11.18,  20.00
nov 12 12:14:25 ,  19.80,  20.00,  14.66,  3.97,  21.00
nov 12 12:15:26 ,  19.10,  19.50,  15.15,  7.87,  23.00
nov 12 12:16:26 ,  18.00,  18.00,  14.66,  3.97,  26.00
nov 12 12:17:26 ,  16.80,  17.00,  17.60,  14.01,  30.00
nov 12 12:18:26 ,  16.30,  17.00,  18.08,  11.18,  33.00
nov 12 12:19:26 ,  16.30,  17.00,  16.13,  7.87,  33.00
nov 12 12:20:27 ,  16.40,  16.50,  15.15,  -0.72,  33.00
nov 12 12:22:27 ,  16.30,  16.00,  14.66,  3.97,  33.00
nov 12 12:23:27 ,  16.30,  16.00,  14.66,  7.87,  33.00
    