nov 13 17:10:45 ErrError: Could not find sensor.
nov 13 17:10:48 ,  21.30,  -127.00,  21.02,  21.11,  43.00
nov 13 17:11:20 ,  21.30,  -127.00,  21.02,  21.11,  43.00
nov 13 17:11:52 ,  21.30,  -127.00,  21.02,  20.99,  43.00
nov 13 17:12:24 ,  21.30,  -127.00,  21.02,  20.99,  43.00
nov 13 17:12:56 ,  21.30,  -127.00,  21.02,  21.11,  43.00
nov 13 17:13:28 ,  21.30,  -127.00,  21.02,  20.99,  43.00
nov 13 17:14:00 ,  21.30,  -127.00,  21.02,  20.99,  43.00
nov 13 17:14:32 ,  21.30,  -127.00,  21.02,  21.45,  43.00
nov 13 17:15:04 ,  21.30,  -127.00,  21.02,  21.22,  43.00
nov 13 17:15:36 ,  21.30,  -127.00,  21.02,  21.34,  43.00
nov 13 17:16:08 ,  21.30,  -127.00,  21.02,  21.34,  43.00
nov 13 17:16:40 ,  21.40,  -127.00,  21.02,  21.34,  43.00
nov 13 17:17:12 ,  21.40,  -127.00,  21.02,  21.11,  43.00
nov 13 17:17:44 ,  21.40,  -127.00,  21.02,  21.22,  43.00
nov 13 17:18:16 ,  21.40,  -127.00,  21.02,  21.22,  43.00
nov 13 17:18:49 ,  21.40,  -127.00,  21.02,  21.22,  43.00
nov 13 17:19:21 ,  21.40,  -127.00,  21.02,  21.22,  43.00
nov 13 17:19:53 ,  21.40,  -127.00,  21.02,  21.22,  43.00
nov 13 17:20:25 ,  21.40,  -127.00,  21.02,  21.22,  43.00
nov 13 17:20:57 ,  21.40,  -127.00,  21.02,  21.22,  43.00
nov 13 17:21:29 ,  21.40,  -127.00,  21.02,  21.11,  43.00
nov 13 17:22:01 ,  21.40,  -127.00,  21.02,  21.11,  43.00
nov 13 17:22:33 ,  21.40,  -127.00,  21.02,  21.11,  42.00
nov 13 17:23:05 ,  21.40,  -127.00,  21.02,  21.22,  42.00
nov 13 17:23:37 ,  21.40,  -127.00,  21.02,  21.11,  43.00
nov 13 17:24:09 ,  21.40,  -127.00,  21.02,  21.22,  42.00
nov 13 17:24:41 ,  21.40,  -127.00,  21.02,  21.11,  43.00
nov 13 17:25:13 ,  21.40,  -127.00,  21.02,  21.34,  43.00
nov 13 17:25:45 ,  21.40,  -127.00,  21.02,  21.22,  43.00
nov 13 17:26:18 ,  21.40,  -127.00,  21.02,  21.11,  43.00
nov 13 17:26:50 ,  21.40,  -127.00,  21.02,  21.11,  43.00
nov 13 17:27:22 ,  21.40,  -127.00,  21.02,  21.11,  43.00
nov 13 17:27:54 ,  21.40,  -127.00,  21.02,  21.22,  43.00
nov 13 17:28:26 ,  21.40,  -127.00,  21.02,  21.22,  43.00
nov 13 17:28:58 ,  21.40,  -127.00,  21.02,  21.22,  43.00
nov 13 17:29:30 ,  21.40,  -127.00,  21.02,  21.22,  42.00
nov 13 17:30:02 ,  21.40,  -127.00,  21.02,  21.34,  42.00
nov 13 17:30:34 ,  21.40,  -127.00,  21.02,  21.22,  42.00
nov 13 17:31:06 ,  21.40,  -127.00,  21.02,  21.22,  42.00
nov 13 17:31:38 ,  21.50,  -127.00,  21.02,  21.22,  43.00
nov 13 17:32:10 ,  21.50,  -127.00,  21.02,  21.34,  42.00
nov 13 17:32:42 ,  21.50,  -127.00,  21.02,  21.11,  42.00
nov 13 17:33:14 ,  21.50,  -127.00,  21.02,  21.22,  43.00
nov 13 17:33:47 ,  21.50,  -127.00,  21.02,  21.22,  43.00
nov 13 17:34:19 ,  21.50,  -127.00,  21.02,  21.34,  42.00
nov 13 17:34:51 ,  21.50,  -127.00,  21.02,  21.22,  42.00
nov 13 17:35:23 ,  21.50,  -127.00,  21.02,  21.11,  43.00
nov 13 17:35:55 ,  21.50,  -127.00,  21.02,  21.34,  43.00
nov 13 17:36:27 ,  21.50,  -127.00,  21.02,  21.56,  43.00
nov 13 17:36:59 ,  21.50,  -127.00,  21.02,  21.79,  43.00
nov 13 17:37:31 ,  21.50,  -127.00,  21.02,  21.68,  43.00
nov 13 17:38:03 ,  21.50,  -127.00,  21.02,  21.56,  43.00
nov 13 17:38:35 ,  21.50,  -127.00,  21.02,  21.45,  43.00
nov 13 17:39:07 ,  21.60,  -127.00,  21.02,  21.56,  43.00
nov 13 17:39:39 ,  21.60,  -127.00,  21.02,  21.45,  43.00
nov 13 17:40:11 ,  21.60,  -127.00,  21.02,  21.34,  42.00
nov 13 17:40:43 ,  21.60,  -127.00,  21.02,  21.45,  42.00
nov 13 17:41:15 ,  21.60,  -127.00,  21.02,  21.68,  42.00
nov 13 17:41:48 ,  21.60,  -127.00,  21.02,  21.68,  42.00
nov 13 17:42:20 ,  21.60,  -127.00,  21.02,  21.68,  42.00
nov 13 17:42:52 ,  21.60,  -127.00,  21.02,  21.56,  42.00
nov 13 17:43:24 ,  21.60,  -127.00,  21.02,  21.34,  42.00
nov 13 17:43:56 ,  21.60,  -127.00,  21.02,  21.34,  42.00
nov 13 17:44:28 ,  21.60,  -127.00,  21.51,  21.45,  42.00
nov 13 17:45:00 ,  21.60,  -127.00,  21.02,  21.45,  42.00
nov 13 17:45:32 ,  21.60,  -127.00,  21.02,  21.34,  42.00
nov 13 17:46:04 ,  21.60,  -127.00,  21.02,  21.56,  42.00
nov 13 17:46:36 ,  21.60,  -127.00,  21.02,  21.56,  42.00
nov 13 17:47:08 ,  21.60,  -127.00,  21.02,  21.68,  42.00
nov 13 17:47:40 ,  21.60,  -127.00,  21.02,  21.56,  42.00
nov 13 17:48:12 ,  21.60,  -127.00,  21.51,  21.56,  42.00
nov 13 17:48:44 ,  21.70,  -127.00,  21.02,  21.68,  42.00
nov 13 17:49:17 ,  21.70,  -127.00,  21.51,  21.56,  42.00
nov 13 17:49:49 ,  21.70,  -127.00,  21.02,  21.79,  42.00
nov 13 17:50:21 ,  21.70,  -127.00,  21.51,  21.79,  42.00
nov 13 17:50:53 ,  21.70,  -127.00,  21.99,  22.01,  42.00
nov 13 17:51:25 ,  21.80,  -127.00,  21.99,  22.45,  42.00
nov 13 17:51:57 ,  21.80,  -127.00,  21.99,  22.34,  42.00
nov 13 17:52:29 ,  21.90,  -127.00,  21.99,  22.23,  42.00
nov 13 17:53:01 ,  22.00,  -127.00,  22.48,  22.34,  42.00
nov 13 17:53:33 ,  22.20,  -127.00,  22.48,  22.45,  42.00
nov 13 17:54:05 ,  22.30,  -127.00,  22.48,  22.45,  42.00
nov 13 17:54:37 ,  22.40,  -127.00,  22.48,  22.56,  42.00
nov 13 17:55:09 ,  22.40,  -127.00,  22.97,  22.56,  41.00
nov 13 17:55:41 ,  22.50,  -127.00,  22.97,  22.78,  41.00
nov 13 17:56:13 ,  22.60,  -127.00,  22.97,  22.67,  41.00
nov 13 17:56:46 ,  22.70,  -127.00,  22.97,  22.89,  41.00
nov 13 17:57:18 ,  22.80,  -127.00,  23.46,  22.67,  41.00
nov 13 17:57:50 ,  22.80,  -127.00,  23.46,  22.67,  41.00
nov 13 17:58:22 ,  22.90,  -127.00,  23.46,  22.89,  40.00
nov 13 17:58:54 ,  22.90,  -127.00,  23.46,  22.89,  40.00
nov 13 17:59:26 ,  22.90,  -127.00,  23.46,  22.78,  40.00
nov 13 17:59:58 ,  23.00,  -127.00,  23.46,  22.78,  40.00
nov 13 18:00:30 ,  23.00,  -127.00,  23.46,  22.78,  40.00
nov 13 18:01:02 ,  23.10,  -127.00,  23.46,  22.89,  40.00
nov 13 18:01:34 ,  23.10,  -127.00,  23.46,  22.89,  40.00
nov 13 18:02:06 ,  23.10,  -127.00,  23.46,  22.67,  40.00
nov 13 18:02:38 ,  23.10,  -127.00,  23.46,  22.67,  40.00
nov 13 18:03:10 ,  23.10,  -127.00,  23.46,  22.89,  40.00
nov 13 18:03:42 ,  23.10,  -127.00,  23.95,  22.89,  40.00
nov 13 18:04:15 ,  23.20,  -127.00,  23.46,  22.67,  40.00
nov 13 18:04:47 ,  23.20,  -127.00,  23.46,  22.78,  40.00
nov 13 18:05:19 ,  23.20,  -127.00,  23.46,  22.67,  40.00
nov 13 18:05:51 ,  23.20,  -127.00,  23.46,  22.89,  40.00
nov 13 18:06:23 ,  23.20,  -127.00,  23.46,  22.89,  40.00
nov 13 18:06:55 ,  23.20,  -127.00,  23.46,  22.78,  40.00
nov 13 18:07:27 ,  23.20,  -127.00,  23.46,  22.89,  40.00
nov 13 18:07:59 ,  23.20,  -127.00,  23.46,  22.67,  40.00
nov 13 18:08:31 ,  23.20,  -127.00,  23.46,  22.89,  40.00
nov 13 18:09:03 ,  23.20,  -127.00,  23.46,  22.78,  40.00
nov 13 18:09:35 ,  23.20,  -127.00,  23.46,  22.78,  40.00
nov 13 18:10:07 ,  23.20,  -127.00,  23.46,  22.78,  40.00
nov 13 18:10:39 ,  23.20,  -127.00,  23.46,  22.78,  40.00
nov 13 18:11:11 ,  23.20,  -127.00,  23.46,  22.89,  40.00
nov 13 18:11:44 ,  23.20,  -127.00,  23.46,  22.67,  40.00
nov 13 18:12:16 ,  23.20,  -127.00,  23.46,  22.67,  40.00
nov 13 18:12:48 ,  23.20,  -127.00,  23.46,  22.89,  40.00
nov 13 18:13:20 ,  23.20,  -127.00,  23.95,  22.99,  40.00
nov 13 18:13:52 ,  23.20,  -127.00,  23.46,  23.10,  40.00
nov 13 18:14:24 ,  23.20,  -127.00,  23.46,  22.89,  40.00
nov 13 18:14:56 ,  23.20,  -127.00,  23.46,  22.78,  41.00
nov 13 18:15:28 ,  23.20,  -127.00,  23.46,  22.89,  41.00
nov 13 18:16:00 ,  23.20,  -127.00,  23.46,  22.89,  41.00
nov 13 18:16:32 ,  23.20,  -127.00,  23.46,  22.67,  40.00
nov 13 18:17:04 ,  23.20,  -127.00,  23.46,  22.67,  40.00
nov 13 18:17:36 ,  23.20,  -127.00,  23.46,  23.10,  40.00
nov 13 18:18:08 ,  23.10,  -127.00,  23.46,  22.78,  40.00
nov 13 18:18:40 ,  23.10,  -127.00,  22.97,  22.67,  40.00
nov 13 18:19:12 ,  23.10,  -127.00,  23.46,  22.56,  41.00
nov 13 18:19:45 ,  23.10,  -127.00,  23.46,  22.56,  41.00
nov 13 18:20:17 ,  23.10,  -127.00,  22.97,  22.56,  41.00
nov 13 18:20:49 ,  23.10,  -127.00,  22.97,  22.89,  41.00
nov 13 18:21:21 ,  23.10,  -127.00,  22.97,  22.67,  41.00
nov 13 18:21:53 ,  23.10,  -127.00,  23.46,  22.67,  41.00
nov 13 18:22:25 ,  23.00,  -127.00,  23.46,  22.56,  41.00
nov 13 18:22:57 ,  23.00,  -127.00,  23.46,  22.67,  41.00
nov 13 18:23:29 ,  23.00,  -127.00,  22.97,  22.56,  41.00
nov 13 18:24:01 ,  23.00,  -127.00,  22.97,  22.67,  41.00
nov 13 18:24:33 ,  23.00,  -127.00,  22.97,  22.78,  41.00
nov 13 18:25:05 ,  23.00,  -127.00,  22.97,  22.67,  41.00
nov 13 18:25:37 ,  23.00,  -127.00,  22.97,  22.78,  41.00
nov 13 18:26:09 ,  23.00,  -127.00,  22.97,  22.78,  41.00
nov 13 18:26:41 ,  23.00,  -127.00,  22.97,  22.67,  41.00
nov 13 18:27:14 ,  23.00,  -127.00,  22.97,  22.78,  41.00
nov 13 18:27:46 ,  23.00,  -127.00,  23.46,  22.67,  41.00
nov 13 18:28:18 ,  22.90,  -127.00,  22.97,  22.67,  41.00
nov 13 18:28:50 ,  22.90,  -127.00,  22.97,  22.67,  41.00
nov 13 18:29:22 ,  22.90,  -127.00,  22.97,  22.56,  41.00
nov 13 18:29:54 ,  22.90,  -127.00,  22.97,  22.78,  41.00
nov 13 18:30:26 ,  22.90,  -127.00,  22.97,  22.45,  41.00
nov 13 18:30:58 ,  22.90,  -127.00,  22.97,  22.45,  41.00
nov 13 18:31:30 ,  22.90,  -127.00,  22.97,  22.67,  41.00
nov 13 18:32:02 ,  22.90,  -127.00,  22.97,  22.34,  41.00
nov 13 18:32:34 ,  22.90,  -127.00,  22.97,  22.67,  41.00
nov 13 18:33:06 ,  22.90,  -127.00,  22.97,  22.56,  41.00
nov 13 18:33:38 ,  22.80,  -127.00,  22.97,  22.56,  41.00
nov 13 18:34:10 ,  22.80,  -127.00,  22.97,  22.67,  41.00
nov 13 18:34:42 ,  22.80,  -127.00,  22.97,  22.45,  41.00
nov 13 18:35:15 ,  22.80,  -127.00,  22.97,  22.45,  41.00
nov 13 18:35:47 ,  22.80,  -127.00,  22.48,  22.45,  41.00
nov 13 18:36:19 ,  22.80,  -127.00,  22.97,  22.45,  41.00
nov 13 18:36:51 ,  22.80,  -127.00,  22.48,  22.56,  41.00
nov 13 18:37:23 ,  22.80,  -127.00,  22.97,  22.45,  41.00
nov 13 18:37:55 ,  22.80,  -127.00,  22.48,  22.34,  41.00
nov 13 18:38:27 ,  22.70,  -127.00,  22.48,  22.45,  41.00
nov 13 18:38:59 ,  22.70,  -127.00,  22.48,  22.56,  42.00
