nov 07 08:47:07 ,  22.10,  22.50,  29.81,  23.25,  41.00
nov 07 08:47:13 ,  22.10,  22.50,  18.08,  23.25,  41.00
nov 07 08:47:18 ,  22.10,  22.50,  20.04,  23.14,  41.00
nov 07 08:47:23 ,  22.10,  22.50,  -22.03,  23.14,  41.00
nov 07 08:47:28 ,  22.10,  22.50,  18.08,  23.14,  41.00
nov 07 08:47:33 ,  22.10,  22.50,  -28.38,  23.14,  41.00
nov 07 08:47:38 ,  22.10,  22.50,  20.04,  23.14,  41.00
nov 07 08:47:43 ,  22.10,  22.50,  18.57,  23.14,  41.00
nov 07 08:47:48 ,  22.10,  22.50,  -24.47,  23.14,  41.00
nov 07 08:47:53 ,  22.10,  22.50,  25.90,  23.14,  41.00
nov 07 08:47:58 ,  22.10,  22.50,  21.02,  23.14,  41.00
nov 07 08:48:03 ,  22.20,  22.50,  18.57,  23.14,  41.00
nov 07 08:48:08 ,  22.20,  22.50,  19.55,  23.14,  41.00
nov 07 08:48:13 ,  22.20,  22.50,  -22.03,  23.14,  41.00
nov 07 08:48:18 ,  22.20,  22.50,  -22.03,  23.14,  41.00
nov 07 08:48:23 ,  22.20,  22.50,  19.06,  23.14,  41.00
nov 07 08:48:28 ,  22.20,  22.50,  17.11,  23.14,  41.00
nov 07 08:48:33 ,  22.20,  22.50,  -30.34,  23.14,  41.00
nov 07 08:48:39 ,  22.20,  22.50,  19.06,  23.25,  41.00
nov 07 08:48:44 ,  22.20,  22.50,  26.39,  23.25,  41.00
nov 07 08:48:49 ,  22.20,  22.50,  17.60,  23.25,  41.00
nov 07 08:48:54 ,  22.20,  22.50,  -29.85,  23.25,  41.00
nov 07 08:48:59 ,  22.20,  22.50,  20.53,  23.25,  41.00
nov 07 08:49:04 ,  22.20,  22.50,  24.93,  23.14,  41.00
nov 07 08:49:09 ,  22.20,  22.50,  -23.01,  23.25,  41.00
nov 07 08:49:14 ,  22.20,  22.50,  21.99,  23.25,  41.00
nov 07 08:49:19 ,  22.20,  22.50,  17.60,  23.14,  41.00
nov 07 08:49:24 ,  22.20,  22.50,  17.60,  23.14,  41.00
nov 07 08:49:29 ,  22.20,  22.50,  18.08,  23.25,  41.00
nov 07 08:49:34 ,  22.20,  22.50,  19.55,  23.14,  41.00
nov 07 08:49:39 ,  22.20,  22.50,  19.06,  23.25,  41.00
nov 07 08:49:44 ,  22.20,  22.50,  -25.45,  23.25,  41.00
nov 07 08:49:49 ,  22.20,  22.50,  -23.98,  23.14,  41.00
nov 07 08:49:54 ,  22.20,  22.50,  17.60,  23.25,  41.00
nov 07 08:50:00 ,  22.20,  22.50,  -25.45,  23.25,  41.00
nov 07 08:50:05 ,  22.20,  22.50,  -30.34,  23.25,  41.00
nov 07 08:50:10 ,  22.20,  22.50,  29.81,  23.25,  41.00
nov 07 08:50:15 ,  22.20,  22.50,  26.39,  23.14,  41.00
nov 07 08:50:20 ,  22.20,  22.50,  17.11,  23.14,  41.00
nov 07 08:50:25 ,  22.20,  22.50,  28.84,  23.14,  41.00
nov 07 08:50:30 ,  22.20,  22.50,  17.60,  23.25,  41.00
nov 07 08:50:35 ,  22.20,  22.50,  18.08,  23.14,  41.00
nov 07 08:50:40 ,  22.20,  22.50,  25.42,  23.14,  41.00
nov 07 08:50:45 ,  22.20,  22.50,  18.08,  23.25,  41.00
nov 07 08:50:50 ,  22.20,  22.50,  20.04,  23.25,  42.00
nov 07 08:50:55 ,  22.20,  22.50,  31.28,  23.25,  42.00
nov 07 08:51:00 ,  22.20,  22.50,  25.90,  23.25,  42.00
nov 07 08:51:05 ,  22.20,  22.50,  20.04,  23.25,  42.00
nov 07 08:51:10 ,  22.20,  22.50,  29.81,  23.25,  42.00
nov 07 08:51:15 ,  22.20,  22.50,  17.11,  23.25,  42.00
nov 07 08:51:20 ,  22.20,  22.50,  20.04,  23.25,  42.00
nov 07 08:51:26 ,  22.20,  22.50,  19.55,  23.25,  42.00
nov 07 08:51:31 ,  22.20,  22.50,  17.60,  23.14,  41.00
nov 07 08:51:36 ,  22.20,  22.50,  27.37,  23.25,  41.00
nov 07 08:51:41 ,  22.20,  22.50,  18.57,  23.25,  41.00
nov 07 08:51:46 ,  22.20,  22.50,  -23.01,  23.25,  41.00
nov 07 08:51:51 ,  22.20,  22.50,  17.11,  23.25,  41.00
nov 07 08:51:56 ,  22.20,  22.50,  22.97,  23.25,  41.00
nov 07 08:52:01 ,  22.20,  22.50,  19.55,  23.25,  41.00
nov 07 08:52:06 ,  22.20,  22.50,  26.88,  23.25,  41.00
nov 07 08:52:11 ,  22.20,  22.50,  18.57,  23.25,  41.00
nov 07 08:52:16 ,  22.20,  22.50,  18.08,  23.25,  41.00
nov 07 08:52:21 ,  22.20,  22.50,  17.60,  23.25,  41.00
nov 07 08:52:26 ,  22.20,  22.50,  -26.92,  23.25,  41.00
nov 07 08:52:31 ,  22.20,  22.50,  -24.47,  23.25,  41.00
nov 07 08:52:36 ,  22.20,  22.50,  -26.92,  23.25,  41.00
nov 07 08:52:41 ,  22.20,  22.50,  21.99,  23.25,  41.00
nov 07 08:52:46 ,  22.20,  22.50,  19.55,  23.25,  41.00
nov 07 08:52:52 ,  22.20,  22.50,  20.04,  23.25,  41.00
nov 07 08:52:57 ,  22.20,  22.50,  17.60,  23.25,  41.00
nov 07 08:53:02 ,  22.20,  22.50,  26.39,  23.25,  41.00
nov 07 08:53:07 ,  22.20,  22.50,  21.02,  23.25,  41.00
nov 07 08:53:12 ,  22.20,  22.50,  -27.89,  23.25,  42.00
nov 07 08:53:17 ,  22.20,  22.50,  31.77,  23.25,  42.00
nov 07 08:53:22 ,  22.20,  22.50,  19.06,  23.25,  42.00
nov 07 08:53:27 ,  22.20,  22.50,  28.35,  23.25,  42.00
nov 07 08:53:32 ,  22.20,  22.50,  19.55,  23.25,  42.00
nov 07 08:53:37 ,  22.20,  22.50,  25.90,  23.25,  42.00
nov 07 08:53:42 ,  22.20,  22.50,  17.60,  23.25,  42.00
nov 07 08:53:47 ,  22.20,  22.50,  28.35,  23.25,  42.00
nov 07 08:53:52 ,  22.20,  22.50,  17.60,  23.25,  42.00
nov 07 08:53:57 ,  22.20,  22.50,  20.53,  23.25,  42.00
nov 07 08:54:02 ,  22.20,  22.50,  20.04,  23.25,  42.00
nov 07 08:54:07 ,  22.20,  22.50,  -25.94,  23.25,  42.00
nov 07 08:54:13 ,  22.20,  22.50,  -29.85,  23.36,  42.00
nov 07 08:54:18 ,  22.20,  22.50,  20.04,  23.36,  42.00
nov 07 08:54:23 ,  22.20,  22.50,  -29.36,  23.36,  42.00
nov 07 08:54:28 ,  22.20,  22.50,  19.06,  23.25,  42.00
nov 07 08:54:33 ,  22.20,  22.50,  27.37,  23.36,  42.00
