nov 12 21:17:05 ,  21.10,  21.00,  20.53,  21.11,  37.00
nov 12 21:17:10 ,  21.10,  21.00,  20.53,  20.99,  37.00
nov 12 21:17:15 ,  21.10,  21.00,  20.53,  20.99,  37.00
nov 12 21:17:20 ,  21.10,  21.00,  20.53,  20.99,  37.00
nov 12 21:17:26 ,  21.10,  21.00,  20.53,  20.99,  37.00
nov 12 21:17:31 ,  21.10,  21.00,  20.53,  20.99,  37.00
nov 12 21:17:36 ,  21.10,  21.00,  20.53,  21.11,  37.00
nov 12 21:17:41 ,  21.10,  21.00,  20.53,  20.99,  37.00
nov 12 21:17:46 ,  21.10,  21.00,  20.53,  21.11,  37.00
nov 12 21:17:51 ,  21.10,  21.00,  20.53,  20.99,  37.00
nov 12 21:17:56 ,  21.10,  21.00,  20.53,  20.99,  37.00
nov 12 21:18:01 ,  21.10,  21.00,  20.53,  21.11,  37.00
nov 12 21:18:06 ,  21.10,  21.00,  20.53,  21.11,  37.00
nov 12 21:18:11 ,  21.10,  21.00,  20.53,  21.11,  37.00
nov 12 21:18:16 ,  21.10,  21.00,  20.53,  21.11,  37.00
nov 12 21:18:21 ,  21.10,  21.00,  20.53,  21.11,  37.00
nov 12 21:18:26 ,  21.10,  21.00,  20.53,  20.99,  37.00
nov 12 21:18:31 ,  21.10,  21.00,  20.53,  21.11,  37.00
nov 12 21:18:36 ,  21.10,  21.00,  20.53,  21.11,  37.00
nov 12 21:18:41 ,  21.10,  21.00,  20.53,  21.11,  37.00
nov 12 21:18:46 ,  21.10,  21.00,  20.53,  21.11,  37.00
nov 12 21:18:51 ,  21.10,  21.00,  20.53,  21.11,  37.00
nov 12 21:18:56 ,  21.10,  21.00,  20.53,  21.11,  37.00
nov 12 21:19:01 ,  21.20,  21.00,  20.53,  21.11,  37.00
nov 12 21:19:06 ,  21.20,  21.00,  20.53,  21.11,  37.00
nov 12 21:19:11 ,  21.20,  21.00,  21.02,  21.11,  37.00
nov 12 21:19:16 ,  21.20,  21.00,  20.53,  20.99,  37.00
nov 12 21:19:21 ,  21.20,  21.00,  20.53,  20.99,  37.00
nov 12 21:19:26 ,  21.20,  21.00,  20.53,  20.99,  37.00
nov 12 21:19:31 ,  21.20,  21.00,  20.53,  20.99,  37.00
nov 12 21:19:36 ,  21.20,  21.00,  20.53,  20.99,  37.00
nov 12 21:19:41 ,  21.20,  21.00,  20.53,  20.99,  37.00
nov 12 21:19:46 ,  21.20,  21.00,  20.53,  20.99,  37.00
nov 12 21:19:52 ,  21.20,  21.00,  21.02,  21.11,  37.00
nov 12 21:19:57 ,  21.20,  21.00,  20.53,  21.11,  37.00
nov 12 21:20:02 ,  21.20,  21.00,  20.53,  20.99,  37.00
nov 12 21:20:07 ,  21.20,  21.00,  20.53,  21.11,  37.00
nov 12 21:20:12 ,  21.20,  21.00,  20.53,  21.11,  37.00
nov 12 21:20:17 ,  21.20,  21.00,  20.53,  21.11,  37.00
nov 12 21:20:22 ,  21.20,  21.00,  20.53,  21.11,  37.00
nov 12 21:20:27 ,  21.20,  21.00,  20.53,  21.11,  37.00
nov 12 21:20:32 ,  21.20,  21.00,  20.53,  20.99,  37.00
nov 12 21:20:37 ,  21.20,  21.00,  20.53,  21.11,  37.00
nov 12 21:20:42 ,  21.20,  21.00,  20.53,  21.11,  37.00
nov 12 21:20:47 ,  21.20,  21.00,  20.53,  21.11,  37.00
nov 12 21:20:52 ,  21.20,  21.00,  20.53,  21.11,  37.00
nov 12 21:20:57 ,  21.20,  21.00,  20.53,  20.99,  37.00
nov 12 21:21:02 ,  21.20,  21.00,  20.53,  21.11,  37.00
nov 12 21:21:07 ,  21.20,  21.00,  20.53,  21.11,  37.00
nov 12 21:21:12 ,  21.20,  21.00,  20.53,  20.99,  37.00
nov 12 21:21:17 ,  21.20,  21.00,  20.53,  21.11,  37.00
nov 12 21:21:22 ,  21.20,  21.00,  20.53,  20.99,  37.00
nov 12 21:21:27 ,  21.20,  21.00,  20.53,  20.99,  37.00
nov 12 21:21:32 ,  21.20,  21.00,  20.53,  21.11,  38.00
nov 12 21:21:37 ,  21.20,  21.00,  20.53,  21.11,  38.00
nov 12 21:21:42 ,  21.20,  21.00,  20.53,  21.11,  38.00
nov 12 21:21:47 ,  21.20,  21.00,  20.53,  21.11,  38.00
nov 12 21:21:52 ,  21.20,  21.00,  20.53,  21.11,  38.00
nov 12 21:21:57 ,  21.20,  21.00,  20.53,  21.11,  38.00
nov 12 21:22:02 ,  21.20,  21.00,  21.02,  21.11,  38.00
nov 12 21:22:07 ,  21.20,  21.00,  20.53,  21.11,  38.00
nov 12 21:22:12 ,  21.20,  21.00,  20.53,  21.11,  38.00
nov 12 21:22:18 ,  21.20,  21.00,  21.02,  21.11,  38.00
nov 12 21:22:23 ,  21.20,  21.00,  20.53,  21.11,  38.00
nov 12 21:22:28 ,  21.20,  21.00,  20.53,  21.11,  38.00
nov 12 21:22:33 ,  21.20,  21.00,  20.53,  21.11,  38.00
nov 12 21:22:38 ,  21.20,  21.00,  20.53,  20.99,  38.00
nov 12 21:22:43 ,  21.20,  21.00,  20.53,  21.11,  38.00
nov 12 21:22:48 ,  21.20,  21.00,  20.53,  21.11,  37.00
nov 12 21:22:53 ,  21.20,  21.00,  20.53,  21.11,  37.00
nov 12 21:22:58 ,  21.20,  21.00,  20.53,  21.11,  37.00
nov 12 21:23:03 ,  21.20,  21.00,  20.53,  21.11,  37.00
nov 12 21:23:08 ,  21.20,  21.00,  20.53,  21.11,  37.00
nov 12 21:23:13 ,  21.20,  21.00,  20.53,  21.11,  38.00
nov 12 21:23:18 ,  21.20,  21.00,  20.53,  21.11,  38.00
nov 12 21:23:23 ,  21.20,  21.00,  20.53,  21.11,  38.00
nov 12 21:23:28 ,  21.20,  21.00,  20.53,  21.11,  38.00
nov 12 21:23:33 ,  21.20,  21.00,  20.53,  21.11,  38.00
nov 12 21:23:38 ,  21.20,  21.00,  20.53,  21.11,  38.00
nov 12 21:23:43 ,  21.20,  21.00,  20.53,  21.11,  38.00
nov 12 21:23:48 ,  21.20,  21.00,  20.53,  21.11,  38.00
nov 12 21:23:53 ,  21.20,  21.00,  20.53,  21.22,  38.00
nov 12 21:23:58 ,  21.20,  21.00,  20.53,  21.34,  38.00
nov 12 21:24:03 ,  21.20,  21.00,  20.53,  21.34,  38.00
nov 12 21:24:08 ,  21.20,  21.00,  20.53,  21.34,  38.00
nov 12 21:24:13 ,  21.20,  21.00,  20.53,  21.22,  38.00
nov 12 21:24:18 ,  21.20,  21.00,  20.53,  21.22,  38.00
nov 12 21:24:23 ,  21.20,  21.00,  20.53,  21.11,  38.00
nov 12 21:24:28 ,  21.20,  21.00,  20.53,  21.11,  38.00
nov 12 21:24:33 ,  21.20,  21.00,  20.53,  20.99,  38.00
nov 12 21:24:39 ,  21.20,  21.00,  20.53,  21.11,  38.00
nov 12 21:24:44 ,  21.20,  21.00,  20.53,  21.11,  38.00
nov 12 21:24:49 ,  21.20,  21.00,  20.53,  21.11,  37.00
nov 12 21:24:54 ,  21.20,  21.00,  20.53,  21.11,  37.00
nov 12 21:24:59 ,  21.20,  21.00,  20.53,  21.11,  37.00
nov 12 21:25:04 ,  21.20,  21.00,  20.53,  21.11,  37.00
nov 12 21:25:09 ,  21.20,  21.00,  20.53,  21.11,  37.00
nov 12 21:25:14 ,  21.20,  21.00,  20.53,  21.11,  37.00
nov 12 21:25:19 ,  21.20,  21.00,  20.53,  21.11,  37.00
nov 12 21:25:24 ,  21.20,  21.00,  20.53,  20.99,  37.00
nov 12 21:25:29 ,  21.20,  21.00,  20.53,  20.99,  37.00
nov 12 21:25:34 ,  21.20,  21.00,  20.53,  20.99,  37.00
nov 12 21:25:39 ,  21.20,  21.00,  20.53,  20.99,  37.00
nov 12 21:25:44 ,  21.20,  21.00,  20.53,  21.11,  37.00
nov 12 21:25:49 ,  21.20,  21.00,  20.53,  21.11,  37.00
nov 12 21:25:54 ,  21.20,  21.00,  20.53,  21.11,  37.00
nov 12 21:25:59 ,  21.20,  21.00,  20.53,  21.11,  38.00
nov 12 21:26:04 ,  21.20,  21.00,  20.53,  20.99,  38.00
nov 12 21:26:09 ,  21.20,  21.00,  20.53,  21.11,  38.00
nov 12 21:26:14 ,  21.20,  21.00,  20.53,  21.11,  38.00
nov 12 21:26:19 ,  21.20,  21.00,  20.53,  21.11,  38.00
nov 12 21:26:24 ,  21.20,  21.00,  20.53,  20.99,  38.00
nov 12 21:26:29 ,  21.20,  21.00,  20.53,  21.11,  38.00
nov 12 21:26:34 ,  21.20,  21.00,  20.53,  21.11,  38.00
nov 12 21:26:39 ,  21.20,  21.00,  20.53,  21.11,  38.00
nov 12 21:26:44 ,  21.20,  21.00,  21.02,  21.11,  38.00
nov 12 21:26:49 ,  21.20,  21.00,  20.53,  20.99,  37.00
nov 12 21:26:54 ,  21.20,  21.00,  20.53,  21.11,  37.00
nov 12 21:26:59 ,  21.20,  21.00,  20.53,  20.99,  37.00
nov 12 21:27:05 ,  21.20,  21.00,  20.53,  21.11,  37.00
nov 12 21:27:10 ,  21.20,  21.00,  20.53,  21.11,  37.00
nov 12 21:27:15 ,  21.20,  21.00,  20.53,  21.11,  37.00
nov 12 21:27:20 ,  21.20,  21.00,  21.02,  21.11,  37.00
nov 12 21:27:25 ,  21.20,  21.00,  20.53,  20.99,  37.00
nov 12 21:27:30 ,  21.20,  21.00,  20.53,  20.99,  37.00
nov 12 21:27:35 ,  21.20,  21.00,  20.53,  20.99,  37.00
nov 12 21:27:40 ,  21.20,  21.00,  20.53,  21.11,  37.00
nov 12 21:27:45 ,  21.20,  21.00,  20.53,  21.22,  37.00
nov 12 21:27:50 ,  21.20,  21.00,  20.53,  21.11,  37.00
nov 12 21:27:55 ,  21.20,  21.00,  20.53,  20.99,  37.00
nov 12 21:28:00 ,  21.20,  21.00,  20.53,  20.99,  37.00
nov 12 21:28:05 ,  21.20,  21.00,  20.53,  20.99,  37.00
nov 12 21:28:10 ,  21.20,  21.00,  20.53,  20.99,  37.00
nov 12 21:28:15 ,  21.20,  21.00,  20.53,  20.99,  37.00
nov 12 21:28:20 ,  21.20,  21.00,  20.53,  21.11,  37.00
nov 12 21:28:25 ,  21.20,  21.00,  20.53,  21.11,  37.00
nov 12 21:28:30 ,  21.20,  21.00,  20.53,  21.11,  37.00
nov 12 21:28:35 ,  21.20,  21.00,  20.53,  21.11,  37.00
nov 12 21:28:40 ,  21.20,  21.00,  20.53,  21.11,  37.00
nov 12 21:28:45 ,  21.20,  21.00,  20.53,  21.11,  37.00
nov 12 21:28:50 ,  21.20,  21.00,  20.53,  21.11,  37.00
nov 12 21:28:55 ,  21.20,  21.00,  20.53,  20.99,  37.00
nov 12 21:29:00 ,  21.20,  21.00,  20.53,  21.11,  37.00
nov 12 21:29:05 ,  21.20,  21.00,  20.53,  21.11,  37.00
nov 12 21:29:10 ,  21.20,  21.00,  20.53,  20.99,  37.00
nov 12 21:29:15 ,  21.20,  21.00,  20.53,  20.99,  37.00
